=== `demo_with_index.flv' ===
#00001 <ScriptTag onMetaData at offset 0x0000000D, time 0, size 2450>
{'duration': 210.732,
 'width': 768.0,
 'height': 320.0,
 'videodatarate': 207.259765625,
 'framerate': 25.0,
 'videocodecid': 7.0,
 'audiodatarate': 29.3291015625,
 'audiosamplerate': 44100.0,
 'audiosamplesize': 16.0,
 'stereo': True,
 'audiocodecid': 10.0,
 'major_brand': 'isom',
 'minor_version': '512',
 'compatible_brands': 'isomiso2avc1mp41',
 'encoder': 'Lavf54.63.104',
 'filesize': 6636853.0,
 'keyframes': {'filepositions': [2478.0,
                                 2558.0,
                                 78344.0,
                                 88742.0,
                                 382413.0,
                                 596846.0,
                                 628498.0,
                                 667094.0,
                                 703120.0,
                                 770993.0,
                                 870259.0,
                                 952403.0,
                                 1022892.0,
                                 1053101.0,
                                 1123604.0,
                                 1162556.0,
                                 1244447.0,
                                 1292316.0,
                                 1338911.0,
                                 1373867.0,
                                 1410986.0,
                                 1552687.0,
                                 1626610.0,
                                 1645659.0,
                                 1715196.0,
                                 1777742.0,
                                 1838909.0,
                                 1867095.0,
                                 1966606.0,
                                 2005761.0,
                                 2040840.0,
                                 2075622.0,
                                 2125620.0,
                                 2185295.0,
                                 2228529.0,
                                 2335216.0,
                                 2426716.0,
                                 2490743.0,
                                 2536322.0,
                                 2604370.0,
                                 2658387.0,
                                 2705425.0,
                                 2732603.0,
                                 2771590.0,
                                 2795731.0,
                                 2838947.0,
                                 2879754.0,
                                 2910975.0,
                                 2941479.0,
                                 2998284.0,
                                 3030275.0,
                                 3112270.0,
                                 3195650.0,
                                 3237238.0,
                                 3309817.0,
                                 3386142.0,
                                 3491463.0,
                                 3528576.0,
                                 3631836.0,
                                 3726364.0,
                                 3773686.0,
                                 3926529.0,
                                 3957173.0,
                                 4029711.0,
                                 4111700.0,
                                 4159005.0,
                                 4195561.0,
                                 4287490.0,
                                 4347163.0,
                                 4391313.0,
                                 4486756.0,
                                 4588375.0,
                                 4662240.0,
                                 4767855.0,
                                 4860121.0,
                                 4917116.0,
                                 4940242.0,
                                 4968857.0,
                                 5031645.0,
                                 5068733.0,
                                 5133267.0,
                                 5188925.0,
                                 5226042.0,
                                 5277556.0,
                                 5326064.0,
                                 5344680.0,
                                 5370403.0,
                                 5394833.0,
                                 5471596.0,
                                 5508529.0,
                                 5598203.0,
                                 5652287.0,
                                 5678391.0,
                                 5715144.0,
                                 5782054.0,
                                 5860280.0,
                                 5901238.0,
                                 5966832.0,
                                 6008177.0,
                                 6053080.0,
                                 6092987.0,
                                 6145093.0,
                                 6202363.0,
                                 6233838.0,
                                 6289692.0,
                                 6346338.0,
                                 6394131.0,
                                 6477135.0,
                                 6563081.0,
                                 6610032.0,
                                 6638911.0],
               'times': [0.0,
                         0.0,
                         5.0,
                         6.76,
                         9.08,
                         14.76,
                         16.48,
                         18.6,
                         19.8,
                         22.0,
                         24.16,
                         26.44,
                         28.8,
                         30.24,
                         31.76,
                         33.2,
                         36.6,
                         37.68,
                         39.48,
                         40.68,
                         42.16,
                         46.28,
                         48.2,
                         49.2,
                         51.84,
                         53.48,
                         55.48,
                         57.28,
                         59.64,
                         60.84,
                         62.88,
                         64.88,
                         66.44,
                         69.24,
                         71.08,
                         74.16,
                         77.28,
                         80.08,
                         81.68,
                         84.24,
                         85.88,
                         87.76,
                         88.96,
                         90.76,
                         92.24,
                         93.68,
                         94.68,
                         95.76,
                         96.84,
                         98.56,
                         99.88,
                         100.88,
                         101.88,
                         103.48,
                         105.2,
                         106.68,
                         110.0,
                         111.2,
                         113.8,
                         117.0,
                         118.84,
                         125.8,
                         127.08,
                         128.84,
                         130.68,
                         132.6,
                         135.24,
                         137.0,
                         138.24,
                         139.68,
                         141.48,
                         143.08,
                         144.44,
                         148.84,
                         151.0,
                         152.76,
                         154.24,
                         155.44,
                         157.44,
                         159.0,
                         160.6,
                         161.76,
                         162.76,
                         164.04,
                         165.76,
                         166.76,
                         169.04,
                         171.08,
                         172.76,
                         174.16,
                         175.76,
                         176.76,
                         178.0,
                         179.28,
                         181.04,
                         183.76,
                         184.84,
                         186.16,
                         187.24,
                         188.48,
                         189.48,
                         190.68,
                         192.0,
                         193.16,
                         194.96,
                         196.08,
                         197.2,
                         199.16,
                         200.88,
                         206.84,
                         210.52]},
 'metadatacreator': 'flvlib 0.1.13'}
